EasyClientNumber	Дата на първата трансакция в периода: 01.10.2023-31.10.2023 (ако има налична трансакция в този период)
572683	
805659	
581624	
581161	
827076	
559682	
590305	
11050238	
577250	
574786	
11048105	
818714	
11042335	
827393	
812800	
829280	
819352	
809922	
11030695	
11027541	
557057	
803670	
11021893	
599084	
11015929	
944479	
11006737	
11004055	
11002967	
995181	
941190	
940110	
912060	
892414	
866420	
865704	
860213	
576571	
848487	
11051389	
11047105	
11044367	
11041725	
11039333	
11032401	
11024976	
11024946	
11023191	
11018845	
11015421	
11005791	
974810	
978114	
975215	
968691	
965008	
575707	
936447	
561161	
882531	
910975	
860898	
576458	
841996	
575754	
11047271	
809951	
555224	
575970	
909273	
838524	
11052255	
599504	
11051930	
821984	
575729	
11048788	
560737	
567864	
11048003	
11046853	
11046126	
11040655	
11038293	
11040597	
11037911	
822457	
11034493	
11033602	
809642	
801640	
11017652	
11011364	
11007410	
11002376	
996756	
995972	
988820	
979228	
968850	
966433	
953036	
942416	
935830	
586414	
919937	
567889	
878823	
864171	
846770	
823887	
837297	
570941	
555572	
593311	
559498	
560231	
554820	
594604	
804479	
805656	
810630	
11050902	
588181	
11049627	
594521	
11048103	
582465	
11045766	
562910	
592192	
837074	
585712	
834847	
11042187	
577930	
570885	
11039475	
11033440	
11033513	
812110	
11029608	
11026758	
11026289	
597524	
11024707	
11019668	
11014608	
858925	
11011476	
995935	
989648	
985407	
985409	
890044	
965569	
963035	
957551	
600141	
936074	
924322	
912201	
578387	
886145	
563812	
994419	
965785	
559250	
838756	
556304	
574061	
571152	
563005	
597921	
575742	
593834	
985769	
585359	
588996	
556591	
832367	
11040866	
833524	
11038832	
11038851	
11037748	
11032916	
11035792	
11033615	
816394	
810404	
809915	
11027870	
11026284	
11022723	
11021619	
11003624	
991680	
990088	
988313	
979768	
838138	
593921	
938009	
808141	
931783	
586859	
913104	
871699	
822908	
563798	
582528	
814870	
814764	
11030548	
943624	
598277	
11001645	
800703	
943839	
585751	
804244	
591738	
567801	
561363	
11048180	
564538	
818139	
803910	
592506	
11043757	
583561	
11042022	
800444	
562001	
11037002	
804037	
588743	
819055	
814514	
815682	
810572	
806540	
803772	
11020637	
11014514	
11011963	
962923	
987197	
975198	
966451	
968063	
940797	
920603	
804868	
909459	
869643	
864173	
854919	
589587	
844333	
580037	
566589	
11070621	
11070585	
11070626	
11071330	
11071371	
11071304	
11071378	
11069349	
11070188	
11070359	
11070294	
11070695	
11071016	
11070337	
11070578	
11070994	
11070516	
11070861	
11070193	
11070794	
11066724	
11067862	
11068945	
11070088	
11069375	
11070623	
11070592	
11062328	
11067745	
11070190	
11069838	
11070554	
11070472	
11070617	
11068671	
11069237	
11069699	
11069622	
11068898	
11069020	
11069341	
11069385	
11069285	
11069191	
11069256	
11069257	
11067938	
11069065	
11067678	
11068720	
11068684	
11068773	
11066735	
11067873	
11068356	
11068128	
11068829	
11068526	
11068789	
11068931	
590709	
804732	
832676	
805685	
11016638	
595017	
863220	
559814	
583687	
11049063	
11049516	
11049383	
11048521	
11047416	
11047392	
11047581	
576686	
834437	
581666	
11042422	
830678	
828723	
584973	
828711	
11036452	
11034020	
11033545	
820540	
813369	
803601	
801807	
11013977	
11006160	
11006159	
995572	
979594	
943644	
936885	
936226	
915811	
801405	
593553	
11069110	
11069355	
11070122	
11070471	
11070553	
11069938	
11070089	
11070120	
11070185	
11070386	
11070299	
11069883	
11069698	
11069634	
11070149	
11069811	
11069983	
11069799	
11069504	
11069247	
11069038	
11069343	
11069328	
11069249	
11069035	
11066532	
11068361	
11068629	
11068019	
11068045	
11066701	
11067980	
11067303	
11068055	
11068062	
11066541	
11067578	
11058975	
11068886	
11057767	
11067937	
11067425	
11066683	
11067427	
11067386	
11066584	
11066507	
11063806	
11066585	
11066746	
11067083	
11067175	
11067950	
11068180	
11066994	
11065704	
11056988	
11066602	
11066747	
11058885	
11065426	
11066193	
11067123	
11067411	
11067734	
11067826	
11067132	
11064223	
11067676	
11066939	
11066449	
11064564	
11065333	
11066126	
11065357	
11064654	
11065525	
11064828	
11064579	
11065656	
11064120	
11065500	
11064173	
11064876	
11064758	
11065347	
11065103	
802347	
11040932	
812595	
11028327	
946418	
884290	
565979	
11040575	
11034801	
11034693	
11028265	
11015481	
11015430	
11008335	
976594	
959338	
586690	
956950	
593530	
930330	
908577	
892487	
888454	
857307	
854820	
850569	
555099	
592621	
588203	
11039623	
11025020	
11012025	
918223	
582839	
588093	
562530	
838789	
554683	
583021	
575168	
588362	
588531	
590316	
581050	
806015	
560365	
584339	
588753	
808036	
814538	
11040637	
832187	
11039851	
11039328	
11037906	
828861	
11033093	
11036025	
11035988	
876359	
809905	
813923	
11030664	
810181	
963212	
11026030	
811283	
596519	
11019456	
809470	
11018525	
817492	
11018901	
11015585	
11006736	
878847	
908555	
989650	
984212	
957449	
956511	
953385	
948510	
936809	
918854	
828397	
906220	
900405	
867929	
562754	
588772	
563846	
563791	
11066692	
11066493	
11066764	
11064761	
11064219	
11065175	
11064225	
11064389	
11064638	
11064852	
11063029	
11064378	
11062550	
11063756	
11063971	
11065206	
11064606	
11065481	
11065452	
11063858	
11063031	
11063241	
11063293	
11063644	
11063292	
11062857	
11063416	
11062250	
11063595	
11060880	
11062835	
11062777	
11063320	
11063008	
11063389	
11059630	
