EasyClientNumber	Дата на първата трансакция в периода: 01.10.2023-31.10.2023 (ако има налична трансакция в този период)
851702	
849000	
852408	
841585	
547043	
438225	
484331	
489175	
502687	
569983	
498709	
546271	
428115	
477223	
486122	
497855	
496762	
484679	
480608	
463401	
442604	
838489	
838242	
485899	
422056	
457026	
831886	
472968	
431939	
561372	
808365	
11052198	
11042398	
550924	
842945	
11051453	
542613	
575484	
500320	
837046	
572119	
412772	
449441	
556605	
836220	
472177	
475627	
11048398	
512244	
575031	
877670	
836565	
527527	
548214	
11040569	
831686	
549080	
11038424	
467172	
522794	
449164	
826108	
11034130	
11035343	
512706	
543580	
590088	
528602	
824559	
414860	
11003392	
820140	
463684	
446624	
456872	
820865	
535750	
822821	
556696	
527828	
523855	
539544	
524802	
447404	
439687	
436093	
502617	
11026872	
519065	
519586	
519519	
11026594	
806038	
11024454	
438377	
514015	
11019096	
484794	
416022	
573743	
11016347	
510959	
11015778	
588649	
421513	
963601	
483115	
492642	
483716	
996149	
992241	
823269	
818422	
574462	
962324	
955472	
954564	
891843	
946009	
941671	
941457	
486529	
928989	
924757	
922747	
911450	
900644	
500030	
891841	
868127	
867340	
868125	
862311	
864012	
854697	
854331	
853170	
851733	
558747	
573288	
849976	
592590	
848033	
520956	
842050	
817451	
438379	
572715	
830633	
589492	
497802	
430166	
477624	
487635	
499459	
595138	
478485	
484448	
564499	
472293	
502981	
426418	
476965	
838540	
11047767	
426865	
463754	
475844	
477980	
489161	
562505	
492316	
11053187	
11053657	
11053633	
590941	
544951	
469946	
580158	
548974	
964334	
475135	
554197	
11051404	
425828	
11051294	
557242	
11050358	
586580	
852955	
555987	
11049170	
466393	
11048251	
476116	
455572	
459786	
490392	
11046829	
11048135	
421067	
558272	
11047745	
502494	
473208	
584333	
551032	
11045687	
984097	
11044459	
11044531	
833565	
499049	
420947	
11038825	
565777	
11042382	
11042301	
11041480	
434047	
11033564	
483603	
11040552	
536884	
580614	
980572	
832928	
11040244	
833326	
11035636	
469344	
544811	
831429	
828478	
463274	
543703	
423650	
545538	
11038029	
503661	
465969	
449499	
459841	
11035826	
825906	
825871	
11035404	
11035209	
523160	
536422	
536497	
520142	
812922	
539744	
457445	
489649	
819097	
815183	
532722	
531778	
11031663	
532618	
446692	
812633	
527648	
525837	
11029527	
526632	
522228	
11028370	
805551	
485942	
804927	
11003706	
518400	
591477	
11021049	
515464	
514946	
436321	
515246	
436373	
11017504	
11018018	
534288	
11017149	
488283	
554733	
11015984	
512041	
510903	
434623	
11014995	
851345	
582048	
11013620	
11012549	
587667	
433482	
587986	
432447	
11011049	
11011038	
11009004	
11008183	
925042	
416852	
996843	
440180	
987725	
982622	
982054	
981423	
873435	
974398	
972192	
965290	
963393	
963688	
959423	
960247	
495332	
921441	
952058	
548083	
451492	
949848	
947108	
942291	
937904	
937262	
934981	
930043	
928062	
928283	
923548	
923389	
922051	
915597	
910382	
908104	
906766	
905478	
903766	
903944	
899408	
898349	
483034	
886913	
449727	
876928	
865920	
856783	
854804	
854243	
854540	
11040840	
11033699	
11034627	
11032385	
503142	
11023105	
11017410	
11015081	
11007005	
11008725	
996105	
963063	
497138	
947283	
948272	
947037	
930219	
926901	
919996	
915907	
915070	
915138	
913900	
910043	
904045	
901400	
885900	
869906	
863866	
511216	
856154	
851735	
843223	
580094	
829940	
570778	
479852	
462711	
436086	
486055	
11031005	
549848	
572915	
553985	
582586	
823651	
551900	
416523	
492210	
816225	
411898	
551874	
822947	
417924	
838554	
839666	
840492	
478040	
420312	
11013881	
484545	
563385	
564724	
554680	
804531	
902809	
500951	
474508	
555378	
11050137	
11050502	
836853	
11050356	
552510	
11048226	
473749	
474481	
11048277	
11048595	
11044520	
446047	
475599	
463505	
475143	
475785	
11047331	
834296	
812745	
11048146	
11047386	
11046695	
11045271	
11046150	
564418	
485482	
560545	
837225	
964198	
561338	
11042912	
834980	
454910	
834828	
834010	
532121	
11043383	
472184	
470098	
11041703	
543989	
500979	
823899	
461466	
11040563	
11041175	
575308	
11039471	
11038261	
11038917	
11038974	
545839	
11038141	
461964	
466081	
11037060	
446294	
461578	
11036313	
828278	
530320	
471005	
826950	
826892	
11033800	
543199	
11034789	
528539	
541684	
11032559	
433338	
439295	
530620	
452222	
11031789	
11031529	
11031780	
456693	
455852	
528694	
527931	
11030975	
11006680	
11030372	
433291	
445177	
442391	
11029223	
11028845	
11027656	
844511	
439943	
439585	
520361	
518950	
519781	
423671	
471888	
11024436	
11024300	
11021366	
11023720	
517819	
11020856	
598194	
516820	
597051	
11016647	
515237	
436821	
597213	
11018928	
11018475	
462297	
11015392	
11016914	
11016284	
569268	
511080	
591824	
943092	
11015068	
11014062	
426498	
587735	
11011692	
11009523	
11008834	
11007676	
11007515	
595806	
11004031	
483549	
11002349	
11000401	
996534	
995826	
994972	
994664	
992689	
991454	
991424	
988941	
988510	
987208	
986474	
984439	
975825	
981987	
980443	
977941	
974776	
971110	
827546	
969729	
965878	
945041	
499629	
953471	
952583	
952392	
950311	
947518	
944942	
501857	
942979	
942241	
941667	
940965	
939293	
935132	
936854	
933719	
536958	
931554	
920403	
581496	
479934	
928307	
928085	
922224	
922031	
477263	
919868	
918423	
831115	
903961	
903759	
900007	
579899	
825225	
895645	
888712	
886371	
552797	
871975	
875913	
877098	
860770	
860333	
858034	
855025	
855318	
853788	
852726	
850109	
483764	
849119	
828023	
428101	
501660	
553243	
549896	
555021	
841516	
430907	
580921	
835946	
11047878	
11048671	
426163	
432121	
11047380	
11044913	
556709	
544964	
521770	
834492	
834662	
11042934	
565841	
467038	
11037808	
544284	
11037711	
460984	
829107	
535584	
444298	
11032464	
821642	
446795	
442350	
441490	
440610	
417133	
437529	
800786	
498954	
597576	
11017353	
513133	
433715	
434897	
434672	
437888	
512065	
481947	
995704	
991154	
989823	
969952	
968961	
431836	
967682	
961803	
962368	
486466	
473455	
952047	
950069	
591686	
939180	
591097	
930095	
921692	
426075	
833933	
916692	
917279	
500869	
910906	
905058	
497313	
573965	
541590	
876392	
868421	
866512	
858073	
859256	
515978	
857434	
849263	
848743	
847318	
844893	
805100	
843966	
446413	
11022918	
11011558	
960664	
912481	
907350	
853592	
548477	
500521	
467370	
481151	
482663	
437230	
825080	
831241	
418721	
564982	
569371	
560781	
840966	
476470	
479957	
487554	
816055	
551223	
541142	
837461	
808856	
498582	
471722	
820322	
861422	
11049590	
459757	
424808	
462005	
574710	
11046709	
11045587	
11044982	
826755	
513612	
972872	
11043573	
11043906	
833956	
823680	
470584	
11041197	
832364	
482218	
493324	
494620	
537079	
521465	
11038142	
462073	
460795	
11034458	
541111	
541150	
817496	
588816	
454836	
514371	
535357	
529413	
531056	
455180	
11031863	
522139	
435823	
810704	
443817	
518666	
806917	
579361	
802436	
11022407	
571816	
592922	
11015566	
11010719	
512369	
11013218	
590720	
11009780	
11003829	
482424	
567852	
991162	
987610	
570754	
418357	
449329	
932622	
560218	
922669	
922764	
539667	
452152	
909933	
905646	
901028	
883807	
413853	
527184	
518596	
854470	
588017	
846870	
486509	
497450	
491925	
549897	
11071390	
11071426	
11071325	
11071382	
11063335	
11070683	
11071427	
11071320	
11069722	
11070229	
11070762	
11064248	
11070447	
11070519	
11070988	
11071114	
11071220	
11068845	
11069135	
11061234	
11064649	
11070768	
11070992	
11071030	
11071213	
11071161	
11070577	
11070429	
11070785	
11070911	
11070983	
11070990	
11070465	
11070757	
11070796	
11061881	
11070766	
11065643	
11070825	
11069674	
11069614	
11061160	
11070720	
11066819	
11070696	
11070054	
11070460	
11070280	
11065518	
11068961	
11069688	
11068409	
11069677	
11069511	
11068897	
11069033	
11069084	
11069458	
11066694	
11067174	
11069137	
11069399	
11068795	
11068257	
11064536	
11068639	
11067646	
11068288	
11068728	
11068800	
11067547	
11068238	
11067856	
11068561	
11068673	
11067711	
11068679	
11068035	
11068255	
11068321	
11068792	
11068729	
11066693	
11069718	
11061560	
11070344	
11062892	
11070488	
11061152	
11063381	
11069563	
11069981	
11070277	
11070528	
11069121	
11069917	
11069590	
11069873	
11070109	
11069870	
11070017	
11070098	
11070252	
11069403	
11070115	
11070140	
11070235	
11069900	
11069369	
11069150	
11069777	
11069994	
11069670	
11069961	
11070074	
11069679	
11069585	
11070004	
11069686	
11068118	
11069013	
11069734	
11069747	
11069034	
11069238	
11069279	
11069672	
11068776	
11069716	
11069140	
11069588	
11068832	
11069394	
11069187	
11069329	
11068801	
11068784	
11067797	
11068523	
11068691	
11065840	
11065313	
11066666	
11067181	
11067376	
11067510	
11067583	
11067647	
11067708	
11067342	
11067109	
11067532	
11067695	
11061389	
11064251	
11066878	
11067079	
11066922	
11066897	
11067135	
11066209	
11066991	
11066971	
11066763	
11067405	
11063484	
11066756	
11056328	
11067161	
11067295	
11067348	
11067321	
11066911	
11067111	
11066128	
11066563	
11066883	
11067215	
11067009	
11066914	
11067128	
11067579	
11067890	
11067551	
11067895	
11067278	
11067371	
11066639	
11066696	
11067287	
11063999	
11066594	
11066829	
11067378	
11064853	
11066792	
11067240	
11052642	
11066762	
11066250	
11066988	
11065004	
11065744	
11065909	
11065961	
11066098	
11065900	
11065868	
11065097	
11065816	
11065804	
11065757	
11064963	
11065136	
11065339	
11065200	
11065513	
11065555	
11063657	
11065676	
11065438	
11063021	
11064662	
11064451	
11065442	
11061087	
11063025	
11063979	
11065275	
11063190	
11064196	
11065162	
11065327	
11065117	
11062290	
11065645	
11065728	
11066472	
11066812	
11066810	
11065940	
11065836	
11066151	
11066517	
11066524	
11066716	
11065784	
11065620	
11066627	
11066668	
11066702	
11066072	
11066310	
11066393	
11066575	
11064539	
11065817	
11065309	
11066166	
11066365	
11066345	
11063341	
11066349	
11066479	
11066339	
11065950	
11065934	
11066224	
11066236	
11066188	
11066192	
11066213	
11066244	
11066208	
11064821	
11065008	
11065669	
11065588	
11065699	
11065806	
573762	
477354	
532892	
529377	
523705	
516204	
965202	
969244	
856072	
960240	
924684	
902515	
895801	
867527	
806943	
557820	
917186	
418089	
528788	
569008	
552817	
479389	
482929	
835362	
514353	
838840	
483920	
502258	
837706	
485726	
553633	
486243	
492957	
578445	
11043094	
462120	
581394	
551556	
835658	
473968	
836883	
475359	
413833	
11047639	
11046720	
464729	
568774	
11043829	
564053	
11043151	
455272	
482497	
11035208	
467360	
548870	
11041081	
449308	
576583	
459937	
469058	
827046	
543600	
546145	
469796	
543098	
11038019	
466090	
495756	
828179	
11036216	
11036757	
544866	
11035775	
542438	
461938	
563284	
523876	
526267	
11033475	
453762	
976350	
454749	
818642	
533641	
823254	
436595	
535732	
531353	
526301	
825748	
436927	
442810	
11028257	
446120	
11029644	
525448	
811932	
11028925	
522486	
11027077	
11028038	
520576	
468376	
516821	
11024144	
11024618	
516930	
438034	
523151	
516845	
531190	
554537	
512659	
11017456	
11017366	
520034	
11016818	
593347	
435102	
11015748	
511284	
11014284	
589332	
428414	
589757	
503448	
11011363	
432571	
11008098	
11007573	
11007176	
829610	
11006303	
544851	
11003259	
11002695	
995201	
995465	
994245	
514422	
987490	
993980	
993423	
991455	
989826	
987796	
512824	
986477	
982571	
985351	
981006	
981396	
979897	
975590	
538287	
972068	
969381	
957638	
960562	
964183	
961996	
960419	
956416	
955589	
819382	
946075	
472506	
946066	
945979	
943230	
943463	
439818	
541220	
922357	
914190	
914462	
911309	
576710	
909635	
823155	
882730	
569886	
889314	
884056	
870919	
868104	
865417	
492783	
855536	
853618	
851921	
848333	
431065	
433850	
573595	
847038	
429319	
844362	
844970	
843103	
843302	
573477	
581058	
11066578	
11066598	
11066599	
11066793	
11065628	
11066650	
11065484	
11066755	
11063382	
11066454	
11066435	
11066783	
11065844	
11065827	
11066170	
11066374	
11066063	
11065983	
11066318	
11065823	
11066494	
11066369	
11065597	
11065897	
11065915	
11066295	
11066081	
542986	
562850	
420640	
553001	
524367	
540391	
838229	
550899	
846779	
11040672	
538082	
446015	
483688	
11013365	
990202	
985683	
925885	
818752	
502221	
906625	
905298	
888012	
11054389	
11065374	
11065418	
11065777	
11065700	
11065883	
11066119	
11065403	
11065529	
11065501	
11064997	
11064363	
11065325	
11064481	
11063951	
11064904	
11065034	
11062069	
11061967	
11062429	
11063107	
11063876	
11062765	
11062506	
11063671	
11063666	
11063147	
11063529	
11062390	
11063433	
11062866	
11063286	
11063591	
11061973	
11063209	
11063271	
11063220	
11063369	
11067207	
11067426	
11067481	
11067843	
11067832	
11067082	
11067450	
11066952	
11067466	
11067457	
11066953	
11067461	
11067503	
11066951	
11067140	
11066970	
11066963	
11066966	
11067060	
11067004	
11067011	
11067007	
11067250	
11065391	
11064860	
11062031	
852224	
852079	
11045964	
11039979	
11009194	
11008879	
11009316	
11008894	
11009356	
11008008	
11008582	
11007961	
11007825	
11008005	
11007006	
11007262	
11006949	
11006771	
11007334	
11006640	
893056	
11006582	
11006168	
11005689	
11004299	
11005890	
973963	
11005304	
11004603	
11004195	
11004202	
11003981	
11003229	
11003085	
11003750	
11003543	
11003269	
11003209	
11001537	
995730	
989886	
11001122	
11000888	
11001326	
11001132	
11000028	
995022	
992782	
977406	
977014	
850706	
977638	
972151	
966418	
960313	
950398	
948410	
927398	
926981	
926960	
922365	
921251	
904064	
900083	
900080	
897532	
893259	
852732	
11051595	
11049365	
11049276	
11044966	
11006868	
995763	
993242	
11046290	
11041508	
11036981	
11002902	
11004282	
11003780	
11003644	
11003206	
11004084	
11003961	
11003044	
11003236	
11000843	
11000419	
11000814	
11000791	
11001001	
994851	
11000085	
996274	
11000039	
996899	
996279	
995418	
995765	
991798	
995406	
994699	
897810	
993020	
993234	
991428	
989044	
574948	
964237	
961288	
964031	
963100	
961268	
938928	
934129	
928249	
918255	
917133	
903874	
893688	
887233	
860531	
11051961	
11049409	
808255	
11044868	
11008662	
11004375	
11004777	
11002089	
11001162	
11000922	
952036	
938943	
921444	
919315	
919865	
914227	
901443	
864363	
853921	
11048687	
814103	
807282	
11011314	
11008944	
995722	
958881	
953202	
931188	
921512	
911265	
901446	
898370	
893273	
861177	
11069387	
11069192	
11069749	
11069669	
11069653	
11069757	
11068943	
11067992	
11068892	
11068812	
11070960	
11071136	
11071145	
11070979	
11071353	
11068787	
11070951	
11071147	
11071148	
11071171	
11071154	
11071151	
11070996	
11071108	
11070984	
11071081	
11070827	
11070805	
924157	
956846	
950428	
946908	
11043843	
996394	
989946	
517974	
935205	
919176	
892152	
855029	
852304	
11069088	
11069190	
11069103	
11069732	
11070001	
11069766	
11068177	
11069975	
11063882	
11036944	
11014543	
11004323	
11001163	
11000993	
996948	
996507	
995408	
995099	
994473	
995401	
994786	
994540	
992422	
992811	
993461	
990699	
991339	
991139	
992410	
991003	
991260	
990767	
991182	
974744	
972940	
962875	
968270	
966350	
964267	
963111	
960476	
960279	
958314	
947311	
934339	
932304	
915851	
913086	
908782	
897703	
893692	
854551	
858275	
860048	
11066198	
11062122	
11063702	
11063874	
11063892	
11063584	
11063182	
11061465	
11063751	
11063599	
11062741	
11063571	
11062836	
11063068	
11063306	
11063187	
11041215	
849609	
