EasyClientNumber	Дата на първата трансакция в периода: 01.10.2023-31.10.2023 (ако има налична трансакция в този период)
11047398	
11048027	
11045178	
11044878	
11048119	
11047342	
11044567	
11042919	
11046885	
11047033	
11047276	
11047212	
11046043	
11045642	
11045991	
11046818	
11045820	
11042841	
11045008	
11044757	
11044345	
11044591	
11044261	
11044390	
11043342	
11043819	
11044513	
11043947	
11044264	
11044028	
11036667	
11043434	
11044010	
11052462	
11052749	
11052068	
927521	
11039935	
967136	
809473	
11005459	
11003646	
994490	
990847	
976646	
969117	
966097	
949893	
932850	
928954	
921169	
912741	
861652	
952383	
966577	
11040893	
11004602	
11003997	
11000895	
866837	
966530	
946907	
919192	
910180	
909563	
908250	
971874	
11008919	
11006703	
11005397	
969663	
933435	
912310	
893027	
11055882	
11055898	
11055646	
11055403	
11055625	
11055246	
919428	
974344	
11036953	
809950	
811892	
807900	
966094	
11003557	
993615	
954726	
977364	
975861	
977926	
977307	
977003	
977367	
972198	
974384	
971913	
971494	
966522	
964985	
964275	
964273	
962962	
961264	
959556	
956703	
954256	
950032	
938151	
925998	
919816	
888442	
866845	
864514	
11055943	
11055326	
11055849	
11055363	
11056193	
11056278	
11056000	
11056100	
11036617	
11025115	
11003207	
995824	
960524	
959407	
940061	
919363	
900065	
852147	
11051970	
11052059	
11052137	
11051922	
11051979	
11052032	
11051957	
11051828	
11051716	
996891	
963828	
932310	
929018	
920552	
898363	
869615	
849820	
